0
4
7
8
9
11
13
22
23
24
26
28
42
43
44
46
48
61
62
63
65
67
85
86
87
89
91
99
100
101
103
105
121
122
123
130
133
135
136
137
139
141
152
153
154
156
158
168
169
170
172
174
182
183
184
186
188
198
199
200
202
205
206
207
209
211
219
220
221
223
225
238
239
240
242
245
246
247
249
251
262
263
264
266
268
278
279
280
282
284
290
291
292
294
296
307
308
309
311
314
315
316
318
320
336
337
338
340
342
350
351
352
354
356
364
365
366
368
370
383
384
385
387
389
397
398
399
401
403
407
408
409
411
413
417
418
419
421
423
436
437
438
440
442
450
451
452
454
456
470
471
472
474
476
486
487
488
490
492
500
501
502
504
506
510
511
512
514
516
520
521
522
524
526
535
536
537
539
541
549
550
551
558
561
563
564
565
567
569
577
578
579
581
583
593
594
595
597
599
608
609
610
612
614
624
625
626
628
630
646
647
648
650
652
658
659
660
662
664
679
680
681
683
686
687
688
690
692
698
699
700
702
704
717
718
719
721
723
729
730
731
733
735
751
752
753
755
757
761
762
763
770
773
775
776
777
779
781
790
791
792
794
796
805
806
807
809
811
829
830
831
833
835
839
840
841
843
845
863
864
865
867
870
871
872
874
876
889
890
891
893
895
903
904
905
907
909
922
923
924
926
928
936
937
938
940
942
950
951
952
954
956
960
961
962
964
966
977
978
979
981
983
993
994
995
997
999
1008
1009
1010
1012
1014
1029
1030
1031
1033
1035
1044
1045
1046
1048
1050
1058
1059
1060
1062
1064
1068
1069
1070
1072
1074
1090
1091
1092
1094
1096
1114
1115
1116
1118
1120
1131
1132
1133
1135
1137
1152
1153
1154
1156
1158
1163
1164
1165
1167
1169
1180
1181
1182
1184
1186
1196
1197
1198
1200
1202
1208
1209
1210
1212
1214
1219
1220
1221
1228
1231
1233
1234
1235
1237
1240
1241
1242
1244
1246
1257
1258
1259
1261
1263
1267
1268
1269
1271
1273
1279
1280
1281
1283
1285
1300
1301
1302
1304
1306
1319
1320
1321
1323
1325
1341
1342
1343
1345
1347
1355
1356
1357
1359
1361
1372
1373
1374
1376
1378
1391
1392
1393
1395
1397
1405
1406
1407
1409
1412
1413
1414
1416
1418
1422
1423
1424
1426
1428
1432
1433
1434
1436
1438
1449
1450
1451
1453
1455
1466
1467
1468
1470
1472
1478
1479
1480
1482
1485
1486
1487
1489
1491
1495
1496
1497
1499
1501
1514
1515
1516
1518
1520
1533
1534
1535
1537
1539
1549
1550
1551
1553
1555
1565
1566
1567
1569
1571
1576
1577
1578
1580
1582
1586
1587
1588
1590
1592
1596
1597
1598
1600
1602
1608
1609
1610
1612
1615
1616
1617
1624
1627
1629
1630
1631
1633
1635
1646
1647
1648
1655
1658
1660
1661
1662
1664
1666
1677
1678
1679
1681
1683
1691
1692
1693
1695
1697
1715
1716
1717
1719
1721
1730
1731
1732
1734
1736
1747
1748
1749
1751
1753
1766
1767
1768
1770
1772
1785
1786
1787
1789
1791
1804
1805
1806
1808
1810
1814
1815
1816
1818
1820
1838
1839
1840
1842
1844
1855
1856
1857
1859
1861
1871
1872
1873
1875
1878
1879
1880
1882
1884
1894
1895
1896
1903
1906
1908
1909
1910
1912
1914
1929
1930
1931
1933
1935
1948
1949
1950
1952
1954
1964
1965
1966
1968
1970
1980
1981
1982
1984
1986
2000
2001
2002
2004
2006
2017
2018
2019
2021
2023
2031
2032
2033
2035
2037
2053
2054
2055
2057
2059
2069
2070
2071
2073
2075
2081
2082
2083
2085
2087
2098
2099
2100
2102
2104
2114
2115
2116
2118
2120
2126
2127
2128
2130
2132
2138
2139
2140
2147
2150
2152
2153
2154
2156
2158
2167
2168
2169
2171
2173
2186
2187
2188
2190
2192
2205
2206
2207
2209
2211
2217
2218
2219
2221
2223
2236
2237
2238
2240
2242
2252
2253
2254
2256
2258
2267
2268
2269
2271
2273
2284
2285
2286
2288
2290
2299
2300
2301
2303
2305
2315
2316
2317
2319
2321
2339
2340
2341
2343
2345
2351
2352
2353
2355
2357
2370
2371
2372
2374
2376
2389
2390
2391
2393
2395
2403
2404
2405
2407
2409
2420
2421
2422
2424
2426
2441
2442
2443
2445
2447
2456
2457
2458
2460
2462
2476
2477
2478
2485
2488
2490
2491
2492
2494
2497
2498
2499
2501
2503
2509
2510
2511
2513
2515
2524
2525
2526
2528
2530
2540
2541
2542
2549
2552
2554
2555
2556
2558
2560
2570
2571
2572
2574
2576
2589
2590
2591
2593
2595
2613
2614
2615
2617
2620
2621
2622
2624
2626
2631
2632
2633
2635
2637
2641
2642
2643
2645
2647
2660
2661
2662
2664
2666
2679
2680
2681
2683
2685
2689
2690
2691
2693
2695
2708
2709
2710
2712
2714
2723
2724
2725
2727
2729
2740
2741
2742
2744
2746
2757
2758
2759
2761
2763
2775
2776
2777
2779
2781
2799
2800
2801
2803
2805
2813
2814
2815
2822
2825
2827
2828
2829
2831
2833
2849
2850
2851
2853
2855
2863
2864
2865
2867
2869
2887
2888
2889
2891
2893
2911
2912
2913
2915
2918
2919
2920
2922
2924
2933
2934
2935
2937
2939
2947
2948
2949
2951
2953
2962
2963
2964
2966
2968
2986
2987
2988
2990
2992
3002
3003
3004
3006
3008
3014
3015
3016
3018
3020
3036
3037
3038
3040
3042
3055
3056
3057
3059
3061
3079
3080
3081
3083
3085
3094
3095
3096
3098
3100
3113
3114
3115
3117
3119
3132
3133
3134
3136
3138
3144
3145
3146
3148
3150
3154
3155
3156
3158
3160
3173
3174
3175
3177
3179
3185
3186
3187
3189
3191
3200
3201
3202
3204
3206
3221
3222
3223
3225
3227
3240
3241
3242
3249
3252
3254
3255
3256
3258
3260
3268
3269
3270
3277
3280
3282
3283
3284
3286
3288
3298
3299
3300
3302
3304
3322
3323
3324
3326
3328
3334
3335
3336
3338
3340
3350
3351
3352
3354
3356
3362
3363
3364
3366
3368
3384
3385
3386
3393
3396
3398
3399
3400
3402
3404
3418
3419
3420
3422
3424
3437
3438
3439
3441
3443
3454
3455
3456
3463
3466
3468
3469
3470
3472
3474
3484
3485
3486
3488
3490
3499
3500
3501
3503
3505
3511
3512
3513
3515
3517
3527
3528
3529
3531
3533
3547
3548
3549
3551
3553
3561
3562
3563
3565
3567
3580
3581
3582
3584
3586
3594
3595
3596
3598
3601
3602
3603
3605
3607
3625
3626
3627
3629
3632
3633
3634
3636
3638
3646
3647
3648
3650
3652
3662
3663
3664
3666
3668
3672
3673
3674
3676
3678
3686
3687
3688
3690
3693
3694
3695
3697
3699
3717
3718
3719
3721
3723
3736
3737
3738
3740
3742
3751
3752
3753
3755
3757
3775
3776
3777
3779
3782
3783
3784
3786
3788
3804
3805
3806
3808
3810
3820
3821
3822
3824
3826
3842
3843
3844
3846
3848
3858
3859
3860
3862
3865
3866
3867
3869
3871
3877
3878
3879
3881
3883
3892
3893
3894
3896
3898
3908
3909
3910
3912
3914
3923
3924
3925
3927
3929
3942
3943
3944
3946
3948
3958
3959
3960
3962
3965
3966
3967
3969
3971
3984
3985
3986
3988
3990
3994
3995
3996
4003
4006
4008
4009
4010
4012
4014
4023
4024
4025
4027
4029
4037
4038
4039
4041
4043
4061
4062
4063
4065
4067
4083
4084
4085
4087
4089
4097
4098
4099
4101
4103
4113
4114
4115
4117
4119
4129
4130
4131
4133
4135
4143
4144
4145
4147
4150
4151
4152
4154
4156
4166
4167
4168
4170
4172
4181
4182
4183
4185
4187
4198
4199
4200
4202
4204
4215
4216
4217
4219
4221
4239
4240
4241
4243
4245
4261
4262
4263
4265
4267
4275
4276
4277
4279
4281
4294
4295
4296
4298
4300
4311
4312
4313
4315
4317
4326
4327
4328
4330
4333
4334
4335
4337
4339
4352
4353
4354
4356
4358
4362
4363
4364
4366
4369
4370
4371
4373
4375
4381
4382
4383
4385
4387
4395
4396
4397
4399
4401
4411
4412
4413
4415
4418
4419
4420
4422
4424
4434
4435
4436
4438
4440
4453
4454
4455
4457
4459
4472
4473
4474
4476
4478
4496
4497
4498
4500
4503
4504
4505
4507
4509
4519
4520
4521
4523
4525
4530
4531
4532
4534
4536
4554
4555
4556
4558
4560
4569
4570
4571
4573
4575
4584
4585
4586
4588
4590
4600
4601
4602
4604
4606
4615
4616
4617
4619
4621
4639
4640
4641
4643
4646
4647
4648
4650
4652
4663
4664
4665
4667
4669
4679
4680
4681
4683
4685
4698
4699
4700
4702
4704
4708
4709
4710
4712
4714
4730
4731
4732
4739
4742
4744
4745
4746
4748
4751
4752
4753
4755
4757
4762
4763
4764
4766
4768
4781
4782
4783
4785
4787
4795
4796
4797
4804
4807
4809
4810
4811
4813
4815
4826
4827
4828
4830
4832
4840
4841
4842
4844
4846
4862
4863
4864
4866
4868
4882
4883
4884
4886
4888
4897
4898
4899
4901
4903
4907
4908
4909
4911
4913
4918
4919
4920
4922
4924
4934
4935
4936
4938
4940
4955
4956
4957
4959
4961
4971
4972
4973
4975
4977
4990
4991
4992
4994
4996
5012
5013
5014
5016
5018
5034
5035
5036
5038
5040
5049
5050
5051
5053
5055
5064
5065
5066
5068
5071
5072
5073
5075
5078
5079
5080
5082
5084
5102
5103
5104
5106
5108
5119
5120
5121
5123
5125
5133
5134
5135
5137
5140
5141
5142
5144
5146
5160
5161
5162
5164
5166
5180
5181
5182
5184
5186
5191
5192
5193
5195
5198
5199
5200
5202
5204
5219
5220
5221
5223
5225
5243
5244
5245
5252
5255
5257
5258
5259
5261
5263
5274
5275
5276
5278
5280
5294
5295
5296
5298
5300
5315
5316
5317
5319
5321
5335
5336
5337
5339
5341
5359
5360
5361
5363
5365
5373
5374
5375
5377
5379
5387
5388
5389
5391
5393
5399
5400
5401
5403
5405
5415
5416
5417
5419
5421
5429
5430
5431
5433
5436
5437
5438
5440
5442
5452
5453
5454
5456
5458
5468
5469
5470
5472
5474
5485
5486
5487
5489
5491
5504
5505
5506
5513
5516
5518
5519
5520
5527
5530
5532
5533
5534
5536
5539
5540
5541
5543
5545
5555
5556
5557
5559
5561
5570
5571
5572
5574
5576
5587
5588
5589
5591
5593
5603
5604
5605
5607
5609
5620
5621
5622
5629
5632
5634
5635
5636
5638
5641
5642
5643
5645
5647
5653
5654
5655
5657
5659
5667
5668
5669
5671
5673
5683
5684
5685
5687
5689
5697
5698
5699
5701
5703
5717
5718
5719
5721
5723
5731
5732
5733
5735
5737
5747
5748
5749
5751
5753
5762
5763
5764
5766
5768
5781
5782
5783
5785
5787
5800
5801
5802
5804
5806
5822
5823
5824
5831
5834
5836
5837
5838
5840
5842
5852
5853
5854
5856
5858
5862
5863
5864
5866
5868
5881
5882
5883
5885
5887
5896
5897
5898
5900
5902
5911
5912
5913
5915
5918
5919
5920
5922
5924
5937
5938
5939
5941
5943
5961
5962
5963
5965
5967
5981
5982
5983
5985
5987
5991
5992
5993
5995
5997
6010
6011
6012
6014
6016
6034
6035
6036
6038
6040
6049
6050
6051
6053
6056
6057
6058
6060
6063
6064
6065
6067
6069
6087
6088
6089
6091
6093
6101
6102
6103
6105
6107
6117
6118
6119
6121
6124
6125
6126
6128
6130
6134
6135
6136
6138
6141
6142
6143
6145
6147
6157
6158
6159
6161
6163
6173
6174
6175
6177
6179
6187
6188
6189
6191
6193
6209
6210
6211
6213
6215
6228
6229
6230
6232
6234
6247
6248
6249
6251
6253
6262
6263
