0
4
6
17
18
19
26
29
31
32
33
35
37
46
47
48
50
52
60
61
62
64
66
79
80
81
83
85
95
96
97
99
101
117
118
119
121
123
133
134
135
137
139
155
156
157
159
161
167
168
169
171
173
177
178
179
181
183
192
193
194
196
198
204
205
206
208
210
221
222
223
225
227
240
241
242
244
247
248
249
251
253
257
258
259
261
263
281
282
283
285
287
297
298
299
301
304
305
306
308
310
325
326
327
329
331
344
345
346
348
350
359
360
361
363
365
378
379
380
382
384
390
391
392
394
396
409
410
411
413
415
423
424
425
427
429
434
435
436
438
441
442
443
445
447
463
464
465
467
469
482
483
484
486
488
501
502
503
505
507
516
517
518
520
522
527
528
529
531
533
547
548
549
551
553
571
572
573
580
583
585
586
587
589
591
600
601
602
604
606
615
616
617
619
621
639
640
641
643
645
659
660
661
668
671
673
674
675
677
679
690
691
692
694
696
707
708
709
711
713
718
719
720
722
724
732
733
734
736
738
752
753
754
756
758
774
775
776
778
780
790
791
792
794
796
809
810
811
813
815
828
829
830
832
834
838
839
840
842
845
846
847
849
851
855
856
857
859
861
871
872
873
875
877
890
891
892
894
896
901
902
903
905
907
925
926
927
929
931
941
942
943
945
947
953
954
955
957
959
963
964
965
967
970
971
972
974
976
987
988
989
991
993
1002
1003
1004
1006
1008
1019
1020
1021
1023
1025
1038
1039
1040
1042
1045
1046
1047
1049
1051
1069
1070
1071
1073
1075
1093
1094
1095
1097
1099
1112
1113
1114
1116
1118
1129
1130
1131
1133
1135
1150
1151
1152
1154
1156
1161
1162
1163
1165
1167
1178
1179
1180
1182
1184
1192
1193
1194
1196
1198
1204
1205
1206
1208
1210
1223
1224
1225
1227
1229
1239
1240
1241
1243
1245
1254
1255
1256
1258
1260
1275
1276
1277
1279
1281
1286
1287
1288
1295
1298
1300
1301
1302
1304
1306
1316
1317
1318
1320
1322
1330
1331
1332
1334
1336
1345
1346
1347
1349
1351
1367
1368
1369
1371
1373
1384
1385
1386
1388
1390
1403
1404
1405
1407
1409
1417
1418
1419
1421
1423
1429
1430
1431
1433
1436
1437
1438
1440
1442
1453
1454
1455
1457
1459
1467
1468
1469
1471
1473
1483
1484
1485
1487
1489
1507
1508
1509
1511
1513
1522
1523
1524
1526
1528
1541
1542
1543
1545
1547
1551
1552
1553
1555
1557
1562
1563
1564
1566
1568
1572
1573
1574
1576
1578
1582
1583
1584
1586
1588
1601
1602
1603
1605
1607
1615
1616
1617
1619
1621
1632
1633
1634
1636
1638
1643
1644
1645
1647
1649
1655
1656
1657
1659
1661
1669
1670
1671
1673
1675
1683
1684
1685
1687
1689
1693
1694
1695
1697
1699
1703
1704
1705
1707
1709
1717
1718
1719
1721
1723
1736
1737
1738
1740
1742
1755
1756
1757
1759
1761
1774
1775
1776
1778
1780
1788
1789
1790
1792
1794
1802
1803
1804
1806
1808
1821
1822
1823
1825
1828
1829
1830
1832
1835
1836
1837
1844
1847
1849
1850
1851
1853
1855
1871
1872
1873
1875
1877
1886
1887
1888
1890
1892
1905
1906
1907
1909
1911
1919
1920
1921
1923
1925
1929
1930
1931
1933
1935
1949
1950
1951
1953
1955
1968
1969
1970
1972
1974
1985
1986
1987
1989
1991
1999
2000
2001
2003
2005
2016
2017
2018
2020
2023
2024
2025
2027
2029
2035
2036
2037
2039
2041
2052
2053
2054
2056
2058
2068
2069
2070
2072
2074
2082
2083
2084
2086
2088
2106
2107
2108
2110
2112
2125
2126
2127
2129
2131
2137
2138
2139
2141
2143
2161
2162
2163
2165
2167
2185
2186
2187
2189
2191
2200
2201
2202
2209
2212
2214
2215
2216
2218
2220
2229
2230
2231
2233
2235
2248
2249
2250
2252
2254
2262
2263
2264
2266
2268
2277
2278
2279
2281
2283
2287
2288
2289
2291
2293
2306
2307
2308
2315
2318
2320
2321
2322
2324
2326
2334
2335
2336
2338
2340
2346
2347
2348
2350
2352
2361
2362
2363
2365
2367
2385
2386
2387
2389
2391
2397
2398
2399
2401
2403
2411
2412
2413
2415
2417
2425
2426
2427
2429
2431
2439
2440
2441
2448
2451
2453
2454
2455
2457
2459
2463
2464
2465
2467
2469
2473
2474
2475
2477
2479
2490
2491
2492
2494
2496
2500
2501
2502
2504
2506
2514
2515
2516
2518
2520
2528
2529
2530
2532
2534
2547
2548
2549
2551
2553
2571
2572
2573
2575
2577
2593
2594
2595
2597
2599
2612
2613
2614
2616
2618
2631
2632
2633
2635
2637
2645
2646
2647
2649
2652
2653
2654
2656
2658
2667
2668
2669
2671
2673
2686
2687
2688
2690
2692
2705
2706
2707
2709
2711
2719
2720
2721
2723
2725
2738
2739
2740
2742
2744
2748
2749
2750
2752
2754
2759
2760
2761
2763
2765
2783
2784
2785
2787
2789
2800
2801
2802
2804
2806
2817
2818
2819
2821
2823
2836
2837
2838
2840
2842
2855
2856
2857
2859
2861
2867
2868
2869
2871
2873
2891
2892
2893
2895
2897
2908
2909
2910
2912
2914
2923
2924
2925
2927
2929
2933
2934
2935
2937
2939
2945
2946
2947
2949
2951
2967
2968
2969
2971
2973
2983
2984
2985
2987
2989
2993
2994
2995
2997
3000
3001
3002
3009
3012
3014
3015
3016
3018
3020
3033
3034
3035
3037
3039
3052
3053
3054
3056
3058
3076
3077
3078
3080
3082
3087
3088
3089
3091
3093
3097
3098
3099
3101
3103
3116
3117
3118
3125
3128
3130
3131
3132
3134
3136
3140
3141
3142
3144
3147
3148
3149
3151
3153
3171
3172
3173
3175
3177
3191
3192
3193
3195
3197
3210
3211
3212
3214
3216
3220
3221
3222
3224
3226
3232
3233
3234
3236
3238
3254
3255
3256
3258
3260
3265
3266
3267
3269
3272
3273
3274
3276
3278
3282
3283
3284
3286
3289
3290
3291
3293
3295
3304
3305
3306
3308
3310
3328
3329
3330
3332
3335
3336
3337
3339
3341
3346
3347
3348
3350
3352
3370
3371
3372
3374
3377
3378
3379
3381
3383
3396
3397
3398
3400
3402
3415
3416
3417
3419
3421
3425
3426
3427
3429
3431
3435
3436
3437
3439
3441
3454
3455
3456
3458
3461
3462
3463
3470
3473
3475
3476
3477
3479
3481
3487
3488
3489
3491
3494
3495
3496
3498
3500
3516
3517
3518
3525
3528
3530
3531
3532
3534
3536
3541
3542
3543
3545
3547
3565
3566
3567
3569
3571
3584
3585
3586
3588
3590
3600
3601
3602
3604
3606
3616
3617
3618
3620
3622
3635
3636
3637
3639
3641
3656
3657
3658
3660
3662
3670
3671
3672
3674
3676
3684
3685
3686
3688
3691
3692
3693
3695
3697
3702
3703
3704
3706
3708
3719
3720
3721
3723
3725
3729
3730
3731
3733
3735
3743
3744
3745
3747
3749
3760
3761
3762
3764
3766
3772
3773
3774
3776
3778
3787
3788
3789
3791
3793
3811
3812
3813
3815
3817
3825
3826
3827
3829
3831
3849
3850
3851
3853
3855
3866
3867
3868
3870
3872
3885
3886
3887
3889
3891
3895
3896
3897
3899
3901
3910
3911
3912
3914
3916
3929
3930
3931
3933
3936
3937
3938
3940
3942
3946
3947
3948
3950
3952
3957
3958
3959
3961
3963
3976
3977
3978
3980
3982
3995
3996
3997
3999
4001
4017
4018
4019
4021
4023
4034
4035
4036
4038
4040
4058
4059
