0
4
6
15
16
17
24
27
29
30
31
33
35
45
46
47
49
51
67
68
69
71
73
87
88
89
91
93
109
110
111
113
115
121
122
123
125
127
131
132
133
135
138
139
140
142
144
149
150
151
153
155
173
174
175
177
179
189
190
191
193
196
197
198
200
202
212
213
214
216
218
231
232
233
235
237
253
254
255
257
259
268
269
270
272
274
284
285
286
288
290
298
299
300
302
304
314
315
316
318
320
325
326
327
334
337
339
340
341
343
345
349
350
351
358
361
363
364
365
367
369
377
378
379
381
383
394
395
396
403
406
408
409
410
412
414
418
419
420
422
424
440
441
442
444
446
459
460
461
463
465
476
477
478
480
482
500
501
502
504
507
508
509
511
513
524
525
526
528
530
535
536
537
539
541
556
557
558
560
562
567
568
569
571
573
583
584
585
587
589
597
598
599
601
603
613
614
615
617
619
627
628
629
631
633
647
648
649
651
653
661
662
663
665
667
672
673
674
676
678
686
687
688
690
692
700
701
702
704
706
717
718
719
721
723
728
729
730
732
734
745
746
747
749
751
756
757
758
760
762
767
768
769
771
773
789
790
791
793
795
799
800
801
803
805
815
816
817
819
821
831
832
833
835
837
848
849
850
852
855
856
857
859
861
874
875
876
878
880
890
891
892
894
896
907
908
909
911
914
915
916
918
920
933
934
935
942
945
947
948
949
951
953
963
964
965
972
975
977
978
979
981
983
997
998
999
1006
1009
1011
1012
1013
1015
1017
1030
1031
1032
1039
1042
1044
1045
1046
1048
1050
1059
1060
1061
1063
1065
1070
1071
1072
1074
1076
1082
1083
1084
1086
1089
1090
1091
1093
1095
1099
1100
1101
1103
1105
1121
1122
1123
1125
1127
1132
1133
1134
1136
1139
1140
1141
1143
1145
1158
1159
1160
1162
1164
1182
1183
1184
1186
1188
1192
1193
1194
1201
1204
1206
1207
1208
1210
1212
1225
1226
1227
1229
1231
1240
1241
1242
1244
1246
1262
1263
1264
1266
1268
1274
1275
1276
1278
1280
1296
1297
1298
1300
1302
1310
1311
1312
1314
1316
1331
1332
1333
1335
1337
1345
1346
1347
1349
1351
1366
1367
1368
1370
1372
1382
1383
1384
1386
1388
1396
1397
1398
1400
1402
1418
1419
1420
1422
1424
1437
1438
1439
1446
1449
1451
1452
1453
1455
1457
1467
1468
1469
1471
1473
1489
1490
1491
1493
1495
1503
1504
1505
1507
1509
1518
1519
1520
1522
1524
1539
1540
1541
1548
1551
1553
1554
1555
1557
1559
1564
1565
1566
1568
1570
1583
1584
1585
1587
1589
1605
1606
1607
1609
1611
1621
1622
1623
1625
1627
1637
1638
1639
1641
1643
1653
1654
1655
1657
1659
1668
1669
1670
1672
1674
1692
1693
1694
1696
1698
1707
1708
1709
1711
1713
1726
1727
1728
1730
1732
1740
1741
1742
1744
1746
1752
1753
1754
1756
1758
1764
1765
1766
1768
1770
1786
1787
1788
1790
1792
1800
1801
1802
1804
1806
1817
1818
1819
1821
1823
1841
1842
1843
1845
1847
1861
1862
1863
1865
1867
1881
1882
1883
1885
1887
1891
1892
1893
1895
1897
1915
1916
1917
1919
1921
1932
1933
1934
1936
1938
1951
1952
1953
1960
1963
1965
1966
1967
1969
1971
1984
1985
1986
1988
1990
1999
2000
2001
2003
2005
2015
2016
2017
2019
2021
2030
2031
2032
2034
2036
2040
2041
